-1177505153 -2129183365
1900864843 -1868940551
199710437 22878481
1547535037 1747311552
-848181665 -599838711
1339582945 1602120027
-530551013 151863963
1757179280 -1142234572
-1716116578 1798961282
-617757217 -477489015
1598344622 -1701932241
-814116023 -221957978
-1804729087 1647439898
314187227 -230086834
-805766655 56661613
1591595001 1076051703
934019466 1629829033
-1298973279 -1866987970
-465297565 -1756252794
-1577170236 -1490504452
94417584 -404398643
-1328297797 -932746382
-2099534310 -75739074
547798983 -626069608
-2026243996 2036466159
-1987533532 884272954
1471497098 -2115814564
160585334 -437132715
-1928254321 -1314622893
1020738338 1030071149
90329003 -939703847
1913390597 -236770550
588864236 -1506087630
-1396339924 462641470
-2100762921 406554217
1717601083 490602496
-438902854 1364493183
-1454712910 236254460
-1693775379 640725670
-1192056133 -1428902532
-2058645456 -1721126244
-1301402601 -607891397
815404863 2057707891
255416064 -863951497
-1977140840 633749722
733620443 -1795680812
1385621358 -431617601
1889082667 1148897378
-2076959909 43926055
481539031 -379398114
116399401 512593189
-2064322444 -1695602358
2147278562 224440899
866130539 377933516
1402801566 -90134902
757145116 183396538
1188922183 -1792821834
-2032892580 -1348058376
2053073981 557214059
905308364 1582218892
216627995 1203819957
70419256 -1587785977
1138893345 759634268
-277547192 1452110338
