1
1
1
7
1
8
1
1
1
4
1
4
1
1
1
1
1
1
5
6
1
1
1
2
1
1
4
1
7
2
1
2
15
1
1
1
1
1
2
1
1
1
5
1
2
1
1
2
6
1
1
1
2
1
1
1
1
1
1
1
1
2
1
1
2
1
13
2
1
1
1
1
7
1
1
91
1
3
1
2
2
1
1
1
1
1
4
2
2
1
1
1
7
1
1
3
1
1
9
1
1
1
5
3
4
1
1
1
1
1
1
1
1
1
1
2
1
1
10
1
1
1
2
1
1
27
1
1
3
3
1
1
2
1
1
1
1
1
21
2
1
1
5
1
1
1
1
1
1
1
1
3
1
1
1
1
1
2
126
1
1
1
1
3
1
2
1
1
1
1
1
2
1
1
2
2
1
1
1
17
1
12
4
1
1
37
1
1
1
1
1
9
1
1
3
7
9
1
1
1
4
2
1
1
2
1
1
1
1
4
4
1
1
98
1
2
2
1
1
1
5
1
1
1
1
1
159
1
1
11
6
2
4
4
9
1
4
1
1
1
2
1
12
1
1
1
1
1
1
1
